[Asset1.jpg]
filters=fill=1,0.299065;crop64=1,113d113df0adf1f4;
crop=rect64(113d113df0adf1f4)
moddate=4fad025003d2d201
width=401
height=401
textactive=0
[BRS.jpg]
filters=finetune2=1,0.508772,0.000000,0.000000,00000000,-0.625731;finetune2=1,0.000000,0.000000,0.000000,00000000,0.017544;
moddate=a863e5654ed8d201
width=1600
height=650
textactive=0
[PMS.JPG]
filters=finetune2=1,0.000000,0.000000,0.151579,00000000,0.000000;finetune2=1,0.000000,0.000000,0.176842,00000000,0.000000;
moddate=7ebce2c35bd8d201
width=1300
height=550
textactive=0
[asset.jpg]
filters=finetune2=1,0.000000,0.000000,0.356491,00000000,0.000000;PicnikTint=1,100.000000,0080cfff;sepia=1;PicnikTint=1,0.000000,0080cfff;
moddate=7e869b2f63d8d201
width=1349
height=600
textactive=0
