[1.jpg]
filters=finetune2=1,0.000000,0.000000,0.325614,00000000,0.052632;warm=1;warm=1;finetune2=1,0.000000,0.000000,0.210526,00000000,0.000000;
moddate=230b72793dd8d201
width=1538
height=715
textactive=0
[1.1.jpg]
filters=finetune2=1,0.000000,0.000000,0.165614,00000000,0.052632;
moddate=0a1614a23ed8d201
width=1538
height=715
textactive=0
